1: 10 10 10 10 10 10 10 10 10 10 10 10 10 10 10 10 10 10 10 10 
2: 17 17 17 17 17 17 17 17 17 17 17 17 17 17 17 17 17 17 17 17 
3: 17 17 17 17 17 17 17 17 17 17 17 17 17 17 17 17 17 17 17 17 
4: 17 17 17 17 17 17 17 17 17 17 17 17 17 17 17 17 17 17 17 17 
5: 17 17 17 17 17 17 17 17 17 17 17 17 17 17 17 17 17 17 17 17 
6: 17 17 17 17 17 17 17 17 17 17 17 17 17 17 17 17 17 17 17 17 
7: 17 17 17 17 17 17 17 17 17 17 17 17 17 17 17 17 17 17 17 17 
8: 17 17 17 17 17 17 17 17 17 17 17 17 17 17 17 17 17 17 17 17 
9: 17 17 17 17 17 17 17 17 17 17 17 17 17 17 17 17 17 17 17 17 
10: 17 17 17 17 17 17 17 17 17 17 17 17 17 17 17 17 17 17 17 17 
11: 18 18 18 18 18 18 18 18 18 18 18 18 18 18 18 18 18 18 18 18 
12: 18 18 18 18 18 18 18 18 18 18 18 18 18 18 18 18 18 18 18 18 
13: 18 18 18 18 18 18 18 18 18 18 18 18 18 18 18 18 18 18 18 18 
14: 18 18 18 18 18 18 18 18 18 18 18 18 18 18 18 18 18 18 18 18 
15: 18 18 18 18 18 18 18 18 18 18 18 18 18 18 18 18 18 18 18 18 
