1: 20 20 20 19 20 20 20 20 20 20 20 20 20 19 20 20 19 19 20 19 
2: 20 22 20 19 20 20 20 20 20 20 20 20 20 19 20 20 20 20 20 19 
3: 20 22 20 19 20 20 20 20 20 20 20 20 20 19 20 20 20 20 20 20 
4: 20 22 20 19 22 20 20 20 20 20 20 20 20 19 20 20 20 20 20 20 
5: 20 22 20 19 22 20 20 20 20 20 20 20 20 21 20 20 20 20 20 20 
6: 20 22 20 19 22 20 20 20 20 20 20 20 20 21 20 20 20 20 20 20 
7: 20 22 20 19 22 20 20 20 20 20 20 22 20 21 20 20 20 20 20 20 
8: 20 22 20 21 22 20 20 20 20 22 20 22 20 21 20 20 20 20 20 20 
9: 20 22 20 21 22 20 20 20 22 22 20 22 20 21 20 20 20 20 20 20 
10: 20 22 20 21 22 20 20 20 22 22 20 22 20 21 20 20 20 20 20 20 
11: 20 22 20 21 22 20 20 20 22 22 20 22 20 21 20 20 20 20 20 20 
12: 20 22 20 21 22 20 20 20 22 22 20 22 20 21 20 20 20 20 20 20 
13: 20 22 20 21 22 20 20 20 22 22 20 22 20 21 20 20 20 20 22 22 
14: 20 22 20 21 22 20 20 20 22 22 20 22 20 21 20 20 20 20 22 22 
15: 20 22 20 21 22 20 20 20 22 22 20 22 20 21 20 20 22 20 22 22 
