1: 16 16 16 16 16 16 16 16 16 16 16 16 16 16 16 16 16 16 16 16 
2: 18 18 18 18 18 18 18 18 18 18 18 18 18 18 18 18 18 18 18 18 
3: 19 19 19 19 18 19 19 19 19 19 18 19 19 18 19 19 19 19 19 19 
4: 19 19 19 19 19 19 19 19 19 19 18 19 19 19 19 19 19 19 19 19 
5: 19 19 19 19 19 19 19 19 19 19 18 19 19 19 19 19 19 19 19 19 
6: 19 19 19 19 19 19 19 19 19 19 18 19 19 19 19 19 19 19 19 19 
7: 19 19 19 19 19 19 19 19 19 19 18 19 19 19 19 19 19 19 19 19 
8: 19 19 19 19 19 19 19 19 19 19 18 19 19 19 19 19 19 19 19 19 
9: 19 19 19 19 19 19 19 19 19 19 19 19 19 19 19 19 19 19 19 19 
10: 19 19 19 19 19 19 19 19 19 19 19 19 19 19 19 19 19 19 19 19 
