1: 4 5 5 5 5 5 5 5 5 5 5 5 5 5 5 5 4 5 5 5 
2: 5 5 5 5 5 6 5 5 5 5 6 6 5 6 5 5 5 6 5 5 
3: 6 6 5 5 5 6 6 5 5 5 6 6 5 6 5 5 6 6 5 5 
4: 6 6 5 5 5 6 6 5 5 5 6 6 5 6 5 5 6 6 5 5 
5: 6 6 5 6 5 6 6 5 5 5 6 6 5 6 5 5 6 6 5 5 
6: 6 6 5 6 5 6 6 5 5 5 6 6 5 6 5 5 6 6 5 5 
7: 6 6 5 6 5 6 6 5 6 5 6 6 5 6 5 5 6 6 5 5 
8: 6 6 5 6 5 6 6 5 6 5 6 6 5 6 5 5 6 6 5 5 
9: 6 6 5 6 5 6 6 5 6 5 6 6 5 6 5 5 6 6 5 5 
10: 6 6 5 6 5 6 6 5 6 5 6 6 5 6 5 6 6 6 5 5 
11: 6 6 5 6 5 6 6 5 6 6 6 6 5 6 5 6 6 6 5 5 
12: 6 6 5 6 5 6 6 6 6 6 6 6 5 6 5 6 6 6 5 5 
13: 6 6 5 6 6 6 6 6 6 6 6 6 5 6 5 6 6 6 5 6 
14: 6 6 5 6 6 6 6 6 6 6 6 6 5 6 5 6 6 6 5 6 
15: 6 6 5 6 6 6 6 6 6 6 6 6 5 6 5 6 6 6 5 6 
