142
1
2
3
4
5
6
7
8
9
10
11
12
13
14
15
971
1
2
3
4
5
6
7
8
9
10
11
12
13
14
15
694
1
2
3
4
5
6
7
8
9
10
11
12
13
14
15
23
1
2
3
4
5
6
7
8
9
10
11
12
13
14
15
14
1
2
3
4
5
6
7
8
9
10
11
12
13
14
15
444
1
2
3
4
5
6
7
8
9
10
11
12
13
14
15
204
1
2
3
4
5
6
7
8
9
10
11
12
13
14
15
42
1
2
3
4
5
6
7
8
9
10
11
12
13
14
15
413
1
2
3
4
5
6
7
8
9
10
11
12
13
14
15
954
1
2
3
4
5
6
7
8
9
10
11
12
13
14
15
97
1
2
3
4
5
6
7
8
9
10
11
12
13
14
15
294
1
2
3
4
5
6
7
8
9
10
11
12
13
14
15
969
1
2
3
4
5
6
7
8
9
10
11
12
13
14
15
804
1
2
3
4
5
6
7
8
9
10
11
12
13
14
15
175
1
2
3
4
5
6
7
8
9
10
11
12
13
14
15
545
1
2
3
4
5
6
7
8
9
10
11
12
13
14
15
180
1
2
3
4
5
6
7
8
9
10
11
12
13
14
15
974
1
2
3
4
5
6
7
8
9
10
11
12
13
14
15
426
1
2
3
4
5
6
7
8
9
10
11
12
13
14
15
565
1
2
3
4
5
6
7
8
9
10
11
12
13
14
15
Hello Eiffel World!

Press Return to finish the execution...
