1: 9 9 9 9 9 9 9 9 9 9 9 9 9 7 9 9 9 9 9 9 
2: 10 10 9 10 10 9 10 10 13 10 10 14 10 7 14 10 10 10 10 9 
3: 10 14 9 10 14 14 10 10 13 14 14 14 10 7 14 10 14 10 10 10 
4: 10 14 10 10 14 14 10 10 14 14 14 14 10 9 14 10 14 10 10 10 
5: 10 14 10 10 14 14 10 10 14 14 14 14 14 9 14 10 14 10 10 14 
6: 10 14 10 10 14 14 10 10 14 14 14 14 14 9 14 10 14 10 10 14 
7: 10 14 10 10 14 14 10 10 14 14 14 14 14 9 14 10 14 10 10 14 
8: 10 14 10 10 14 14 10 10 14 14 14 14 14 9 14 10 14 10 10 14 
9: 10 14 10 10 14 14 10 10 14 14 14 14 14 9 14 10 14 10 10 14 
10: 10 14 10 10 14 14 10 10 14 14 14 14 14 9 14 10 14 10 10 14 
11: 10 14 10 10 14 14 10 10 14 14 14 14 14 9 14 10 14 10 10 14 
12: 10 14 10 10 14 14 10 10 14 14 14 14 14 9 14 10 14 10 10 14 
13: 10 14 10 10 14 14 10 10 14 14 14 14 14 9 14 10 14 10 10 14 
14: 10 14 10 10 14 14 10 10 14 14 14 14 14 9 14 10 14 10 10 14 
15: 10 14 10 10 14 14 10 10 14 14 14 14 14 9 14 10 14 10 10 14 
