1: 25 25 25 25 25 26 25 25 25 23 25 25 25 33 25 25 25 25 28 25 
2: 29 36 30 36 28 30 30 30 31 36 30 32 30 36 34 32 32 28 36 28 
3: 30 36 39 38 31 33 31 41 36 36 31 34 39 39 38 34 34 39 39 33 
4: 35 38 40 39 40 35 32 42 42 40 32 34 41 42 40 35 37 43 41 34 
5: 36 38 41 42 43 35 32 43 42 40 34 37 42 43 41 36 37 44 42 35 
6: 38 40 42 42 44 35 34 44 42 40 35 37 44 43 41 37 38 44 44 35 
7: 39 40 44 42 45 38 37 45 42 40 39 38 45 44 42 38 39 44 44 36 
8: 40 41 45 43 47 39 40 45 43 42 39 38 45 44 42 38 39 45 44 37 
9: 40 43 45 43 48 39 40 45 43 42 39 38 46 45 42 39 39 45 44 40 
10: 40 44 46 44 48 40 40 46 43 43 40 38 46 46 43 39 39 46 45 40 
