1: 9 9 9 9 9 9 9 9 4 6 6 7 8 9 8 6 9 9 9 9 
2: 15 16 16 15 15 16 14 14 10 10 9 11 11 13 13 11 14 14 14 16 
3: 15 16 16 15 15 16 14 14 10 10 11 12 11 13 14 11 14 14 14 16 
4: 15 19 18 16 16 17 14 14 10 10 11 12 13 13 15 12 14 15 15 16 
5: 18 19 18 17 17 17 14 15 10 12 12 12 14 13 16 14 17 16 15 16 
6: 19 20 18 17 19 18 15 15 10 13 13 15 16 16 19 16 17 20 17 16 
7: 19 20 18 17 19 18 15 15 11 13 13 15 16 16 19 16 17 20 17 16 
8: 19 20 18 17 19 18 15 15 12 13 13 15 17 16 19 16 17 20 17 17 
9: 19 20 18 17 19 18 15 15 13 14 14 15 17 16 19 17 17 20 17 17 
10: 20 20 18 17 19 18 15 15 15 14 14 17 17 17 20 17 17 20 17 18 
11: 20 20 18 17 19 18 15 15 15 14 15 17 17 17 21 17 17 20 18 18 
12: 20 20 18 17 19 18 18 15 15 14 15 17 18 17 21 17 19 20 20 18 
13: 20 20 18 17 19 18 18 15 15 14 15 17 18 17 21 18 19 20 20 18 
14: 20 20 18 17 19 18 19 15 15 14 15 17 18 18 21 20 19 20 20 20 
15: 20 20 18 17 19 18 19 15 15 14 15 17 18 18 21 20 19 20 20 20 
